   44.8324890         20.6000004    
   45.6103134         1.79999995    
   46.3881302         1.39999998    
   47.1659546         1.60000002    
   47.9437714         2.00000000    
   48.7215958        0.800000012    
   49.4994164        0.600000024    
   50.2772369        0.800000012    
   51.0550613        0.600000024    
   51.8328781        0.659405947    
   52.6107025        0.928712845    
   53.3885193        0.938613832    
   54.1663437         1.22772276    
   54.9441605         1.38811886    
   55.7219849         2.08712864    
   56.4998055         2.71683168    
   57.2776260         3.12673259    
   58.0554504         3.12871289    
   58.8332672         8.81980228    
   59.6110916         44.7782173    
