   200.00000000000000        720.00000000000000     
   300.00000000000000        720.00000000000000     
   400.00000000000000        720.00000000000000     
   500.00000000000000        720.00000000000000     
   600.00000000000000        720.00000000000000     
   700.00000000000000        720.00000000000000     
   800.00000000000000        720.00000000000000     
   900.00000000000000        720.00000000000000     
   1000.0000000000000        720.00000000000000     
   1100.0000000000000        720.00000000000000     
   1200.0000000000000        720.00000000000000     
   1300.0000000000000        720.00000000000000     
   1400.0000000000000        720.00000000000000     
   1500.0000000000000        720.00000000000000     
   1600.0000000000000        720.00000000000000     
   1700.0000000000000        720.00000000000000     
   1800.0000000000000        720.00000000000000     
   1900.0000000000000        720.00000000000000     
   2000.0000000000000        720.00000000000000     
   2100.0000000000000        720.00000000000000     
   2200.0000000000000        720.00000000000000     
   2300.0000000000000        720.00000000000000     
   2400.0000000000000        720.00000000000000     
   2500.0000000000000        720.00000000000000     
   2600.0000000000000        720.00000000000000     
   2700.0000000000000        720.00000000000000     
   2800.0000000000000        720.00000000000000     
   2900.0000000000000        720.00000000000000     
   3000.0000000000000        720.00000000000000     
   3100.0000000000000        720.00000000000000     
   3200.0000000000000        720.00000000000000     
   3300.0000000000000        720.00000000000000     
   3400.0000000000000        720.00000000000000     
   3500.0000000000000        720.00000000000000     
   3600.0000000000000        720.00000000000000     
   3700.0000000000000        720.00000000000000     
   3800.0000000000000        720.00000000000000     
   3900.0000000000000        720.00000000000000     
   4000.0000000000000        720.00000000000000     
   4100.0000000000000        720.00000000000000     
   4200.0000000000000        720.00000000000000     
   4300.0000000000000        720.00000000000000     
   4400.0000000000000        720.00000000000000     
   4500.0000000000000        720.00000000000000     
   4600.0000000000000        720.00000000000000     
   4700.0000000000000        720.00000000000000     
   4800.0000000000000        720.00000000000000     
   4900.0000000000000        720.00000000000000     
   5000.0000000000000        720.00000000000000     
   5100.0000000000000        720.00000000000000     
   5200.0000000000000        720.00000000000000     
   5300.0000000000000        720.00000000000000     
   5400.0000000000000        720.00000000000000     
   5500.0000000000000        720.00000000000000     
   5600.0000000000000        720.00000000000000     
   5700.0000000000000        720.00000000000000     
   5800.0000000000000        720.00000000000000     
   5900.0000000000000        720.00000000000000     
   6000.0000000000000        720.00000000000000     
   6100.0000000000000        720.00000000000000     
   6200.0000000000000        720.00000000000000     
   6300.0000000000000        720.00000000000000     
   6400.0000000000000        720.00000000000000     
   6500.0000000000000        720.00000000000000     
   6600.0000000000000        720.00000000000000     
   6700.0000000000000        720.00000000000000     
   6800.0000000000000        720.00000000000000     
   6900.0000000000000        720.00000000000000     
   7000.0000000000000        720.00000000000000     
   7100.0000000000000        720.00000000000000     
   7200.0000000000000        720.00000000000000     
   7300.0000000000000        720.00000000000000     
   7400.0000000000000        720.00000000000000     
   7500.0000000000000        720.00000000000000     
   7600.0000000000000        720.00000000000000     
   7700.0000000000000        720.00000000000000     
   7800.0000000000000        720.00000000000000     
   7900.0000000000000        720.00000000000000     
   8000.0000000000000        720.00000000000000     
   8100.0000000000000        720.00000000000000     
   8200.0000000000000        720.00000000000000     
   8300.0000000000000        720.00000000000000     
   8400.0000000000000        720.00000000000000     
   8500.0000000000000        720.00000000000000     
   8600.0000000000000        720.00000000000000     
   8700.0000000000000        720.00000000000000     
   8800.0000000000000        720.00000000000000     
   8900.0000000000000        720.00000000000000     
   9000.0000000000000        720.00000000000000     
   9100.0000000000000        720.00000000000000     
   9200.0000000000000        720.00000000000000     
   9300.0000000000000        720.00000000000000     
   9400.0000000000000        720.00000000000000     
   9500.0000000000000        720.00000000000000     
   9600.0000000000000        720.00000000000000     
   9700.0000000000000        720.00000000000000     
   9800.0000000000000        720.00000000000000     
   9900.0000000000000        720.00000000000000     
   10000.000000000000        720.00000000000000     
   10100.000000000000        720.00000000000000     
   10200.000000000000        720.00000000000000     
   10300.000000000000        720.00000000000000     
   10400.000000000000        720.00000000000000     
   10500.000000000000        720.00000000000000     
   10600.000000000000        720.00000000000000     
   10700.000000000000        720.00000000000000     
   10800.000000000000        720.00000000000000     
   10900.000000000000        720.00000000000000     
   11000.000000000000        720.00000000000000     
   11100.000000000000        720.00000000000000     
   11200.000000000000        720.00000000000000     
   11300.000000000000        720.00000000000000     
   11400.000000000000        720.00000000000000     
   11500.000000000000        720.00000000000000     
   11600.000000000000        720.00000000000000     
   11700.000000000000        720.00000000000000     
   11800.000000000000        720.00000000000000     
   11900.000000000000        720.00000000000000     
   12000.000000000000        720.00000000000000     
   12100.000000000000        720.00000000000000     
   12200.000000000000        720.00000000000000     
   12300.000000000000        720.00000000000000     
   12400.000000000000        720.00000000000000     
   12500.000000000000        720.00000000000000     
   12600.000000000000        720.00000000000000     
   12700.000000000000        720.00000000000000     
   12800.000000000000        720.00000000000000     
   12900.000000000000        720.00000000000000     
   13000.000000000000        720.00000000000000     
   13100.000000000000        720.00000000000000     
   13200.000000000000        720.00000000000000     
   13300.000000000000        720.00000000000000     
   13400.000000000000        720.00000000000000     
   13500.000000000000        720.00000000000000     
   13600.000000000000        720.00000000000000     
   13700.000000000000        720.00000000000000     
   13800.000000000000        720.00000000000000     
   13900.000000000000        720.00000000000000     
   14000.000000000000        720.00000000000000     
   14100.000000000000        720.00000000000000     
   14200.000000000000        720.00000000000000     
   14300.000000000000        720.00000000000000     
   14400.000000000000        720.00000000000000     
   14500.000000000000        720.00000000000000     
   14600.000000000000        720.00000000000000     
   14700.000000000000        720.00000000000000     
   14800.000000000000        720.00000000000000     
   14900.000000000000        720.00000000000000     
   15000.000000000000        720.00000000000000     
   15100.000000000000        720.00000000000000     
   15200.000000000000        720.00000000000000     
   15300.000000000000        720.00000000000000     
   15400.000000000000        720.00000000000000     
   15500.000000000000        720.00000000000000     
   15600.000000000000        720.00000000000000     
   15700.000000000000        720.00000000000000     
   15800.000000000000        720.00000000000000     
   15900.000000000000        720.00000000000000     
   16000.000000000000        720.00000000000000     
   16100.000000000000        720.00000000000000     
   16200.000000000000        720.00000000000000     
   16300.000000000000        720.00000000000000     
   16400.000000000000        720.00000000000000     
   16500.000000000000        720.00000000000000     
   16600.000000000000        720.00000000000000     
   16700.000000000000        720.00000000000000     
   16800.000000000000        720.00000000000000     
   16900.000000000000        720.00000000000000     
   17000.000000000000        720.00000000000000     
   17100.000000000000        720.00000000000000     
   17200.000000000000        720.00000000000000     
   17300.000000000000        720.00000000000000     
   17400.000000000000        720.00000000000000     
   17500.000000000000        720.00000000000000     
   17600.000000000000        720.00000000000000     
   17700.000000000000        720.00000000000000     
   17800.000000000000        720.00000000000000     
   17900.000000000000        720.00000000000000     
   18000.000000000000        720.00000000000000     
   18100.000000000000        720.00000000000000     
   18200.000000000000        720.00000000000000     
   18300.000000000000        720.00000000000000     
   18400.000000000000        720.00000000000000     
   18500.000000000000        720.00000000000000     
   18600.000000000000        720.00000000000000     
   18700.000000000000        720.00000000000000     
   18800.000000000000        720.00000000000000     
   18900.000000000000        720.00000000000000     
   19000.000000000000        720.00000000000000     
   19100.000000000000        720.00000000000000     
   19200.000000000000        720.00000000000000     
   19300.000000000000        720.00000000000000     
   19400.000000000000        720.00000000000000     
   19500.000000000000        720.00000000000000     
   19600.000000000000        720.00000000000000     
   19700.000000000000        720.00000000000000     
   19800.000000000000        720.00000000000000     
   200.00000000000000        820.00000000000000     
   200.00000000000000        920.00000000000000     
   200.00000000000000        1020.0000000000000     
   200.00000000000000        1120.0000000000000     
   200.00000000000000        1220.0000000000000     
   200.00000000000000        1320.0000000000000     
   200.00000000000000        1420.0000000000000     
   200.00000000000000        1520.0000000000000     
   200.00000000000000        1620.0000000000000     
   200.00000000000000        1720.0000000000000     
   200.00000000000000        1820.0000000000000     
   200.00000000000000        1920.0000000000000     
   200.00000000000000        2020.0000000000000     
   200.00000000000000        2120.0000000000000     
   200.00000000000000        2220.0000000000000     
   200.00000000000000        2320.0000000000000     
   200.00000000000000        2420.0000000000000     
   200.00000000000000        2520.0000000000000     
   200.00000000000000        2620.0000000000000     
   200.00000000000000        2720.0000000000000     
   200.00000000000000        2820.0000000000000     
   200.00000000000000        2920.0000000000000     
   200.00000000000000        3020.0000000000000     
   200.00000000000000        3120.0000000000000     
   200.00000000000000        3220.0000000000000     
   200.00000000000000        3320.0000000000000     
   200.00000000000000        3420.0000000000000     
   200.00000000000000        3520.0000000000000     
   200.00000000000000        3620.0000000000000     
   200.00000000000000        3720.0000000000000     
   200.00000000000000        3820.0000000000000     
   200.00000000000000        3920.0000000000000     
   200.00000000000000        4020.0000000000000     
   200.00000000000000        4120.0000000000000     
   200.00000000000000        4220.0000000000000     
   200.00000000000000        4320.0000000000000     
   200.00000000000000        4420.0000000000000     
   200.00000000000000        4520.0000000000000     
   200.00000000000000        4620.0000000000000     
   200.00000000000000        4720.0000000000000     
   200.00000000000000        4820.0000000000000     
   200.00000000000000        4920.0000000000000     
   200.00000000000000        5020.0000000000000     
   200.00000000000000        5120.0000000000000     
   200.00000000000000        5220.0000000000000     
   200.00000000000000        5320.0000000000000     
   200.00000000000000        5420.0000000000000     
   200.00000000000000        5520.0000000000000     
   200.00000000000000        5620.0000000000000     
   200.00000000000000        5720.0000000000000     
   200.00000000000000        5820.0000000000000     
   200.00000000000000        5920.0000000000000     
   200.00000000000000        6020.0000000000000     
   200.00000000000000        6120.0000000000000     
   200.00000000000000        6220.0000000000000     
   200.00000000000000        6320.0000000000000     
   200.00000000000000        6420.0000000000000     
   200.00000000000000        6520.0000000000000     
   200.00000000000000        6620.0000000000000     
   200.00000000000000        6720.0000000000000     
