   64.8690491         17.3999996    
   65.5690918         13.3999996    
   66.2691498         1.00000000    
   66.9691925        0.800000012    
   67.6692352        0.815827310    
   68.3692932        0.897841752    
   69.0693359        0.966906488    
   69.7693939         1.05611515    
   70.4694366        0.815827310    
   71.1694794        0.690647483    
   71.8695374        0.861870527    
   72.5695801        0.700719416    
   73.2696381         1.06330931    
   73.9696808         1.93812954    
   74.6697311         2.09784174    
   75.3697815         3.38848925    
   76.0698242         3.90503597    
   76.7698822         5.04172659    
   77.4699249         6.64172649    
   78.1699753         36.5179863    
