   54.1148491         1.20000005    
   54.4166489         1.39999998    
   54.7184525         1.39999998    
   55.0202560         1.00000000    
   55.3220596         1.00000000    
   55.6238632         3.20000005    
   55.9256630         12.3999996    
   56.2274666         4.80862045    
   56.5292702         2.61896563    
   56.8310699         2.47068977    
   57.1328735         5.11034489    
   57.4346771         3.12758613    
   57.7364807         2.33275867    
   58.0382843         3.86206889    
   58.3400841         3.13965511    
   58.6418877         2.40000010    
   58.9436913         3.12586212    
   59.2454910         4.44482756    
   59.5472946         5.54827595    
   59.8490982         35.4103432    
