   71.0914764         5.59999990    
   71.4724274         2.59999990    
   71.8533783         2.79999995    
   72.2343292         2.00000000    
   72.6152725         4.59999990    
   72.9962234         5.40000010    
   73.3771744         3.40483880    
   73.7581253         1.81935489    
   74.1390762         1.44032264    
   74.5200272         1.70322585    
   74.9009781         1.51774192    
   75.2819214         2.13225818    
   75.6628723         2.14354849    
   76.0438232         3.07258058    
   76.4247742         2.05483866    
   76.8057251         1.18064511    
   77.1866760         1.18870974    
   77.5676270         2.06129026    
   77.9485779         5.75483894    
   78.3295212         47.5258064    
