   47.8614731         9.39999962    
   48.4839630         2.20000005    
   49.1064529         2.20000005    
   49.7289429         1.60000002    
   50.3514290         1.60000002    
   50.9739151         2.40000010    
   51.5964050         4.80000019    
   52.2188950         3.00000000    
   52.8413849         2.20000005    
   53.4638710         1.20370376    
   54.0863571         1.25370371    
   54.7088470         1.15740740    
   55.3313370         1.28148150    
   55.9538269         1.83888888    
   56.5763130         1.88518524    
   57.1988029         1.66851854    
   57.8212891         2.01296306    
   58.4437790         3.07407403    
   59.0662689         7.09814835    
   59.6887550         48.1259270    
