   67.9546051         3.20000005    
   68.4964294         2.00458026    
   69.0382385         1.81374049    
   69.5800552         1.21984732    
   70.1218719         1.18473279    
   70.6636810        0.978625953    
   71.2055054         1.61526716    
   71.7473145         2.85343504    
   72.2891235         10.1068707    
   72.8309479         4.93893147    
   73.3727570         4.78473282    
   73.9145737         5.88244295    
   74.4563904         5.34198475    
   74.9981995         11.3435116    
   75.5400238         3.91755724    
   76.0818329         2.58015275    
   76.6236420         2.66717553    
   77.1654663         3.06717563    
   77.7072754         3.85648847    
   78.2490921         26.6427479    
