   48.4723740         14.3999996    
   49.0635376         3.00000000    
   49.6546936         1.20000005    
   50.2458572        0.800000012    
   50.8370132        0.800000012    
   51.4281769        0.600000024    
   52.0193405        0.800000012    
   52.6104965        0.616513789    
   53.2016602        0.631192684    
   53.7928162         1.24954128    
   54.3839798         1.27522933    
   54.9751358         1.72110093    
   55.5662994         1.76146793    
   56.1574554         1.04036701    
   56.7486191         1.71376145    
   57.3397789         2.20550466    
   57.9309387         3.35045862    
   58.5221024         4.83669710    
   59.1132584         7.78165150    
   59.7044220         50.2165146    
