   65.7705688         6.40000010    
   66.4243927         1.79999995    
   67.0782013         2.00000000    
   67.7320251         1.60000002    
   68.3858337         1.79999995    
   69.0396576         1.79999995    
   69.6934662         1.79999995    
   70.3472900         1.21212125    
   71.0010986         1.38787878    
   71.6549225         1.40303028    
   72.3087387         3.42424250    
   72.9625549         9.43636322    
   73.6163788         6.47121191    
   74.2701874         1.72272730    
   74.9240112         2.38636374    
   75.5778198         11.7515154    
   76.2316437         1.99393940    
   76.8854523         3.40606070    
   77.5392761         5.28030300    
   78.1930847         32.9242439    
