#
# number of interfaces
#
 3
# for each interface below, we give the number of points and then x,z for each point
#
#
# interface number 1 (bottom of the mesh)
#
 2
      0      0
  20000      0
#
# interface number 2
#
 401
      0   4596
     50   4614
    100   4621
    150   4625
    200   4629
    250   4632
    300   4636
    350   4640
    400   4644
    450   4648
    500   4651
    550   4649
    600   4644
    650   4639
    700   4634
    750   4629
    800   4623
    850   4618
    900   4613
    950   4607
   1000   4606
   1050   4608
   1100   4610
   1150   4612
   1200   4614
   1250   4615
   1300   4617
   1350   4619
   1400   4620
   1450   4622
   1500   4624
   1550   4625
   1600   4627
   1650   4629
   1700   4631
   1750   4633
   1800   4634
   1850   4636
   1900   4637
   1950   4634
   2000   4632
   2050   4629
   2100   4627
   2150   4624
   2200   4622
   2250   4619
   2300   4616
   2350   4615
   2400   4617
   2450   4620
   2500   4622
   2550   4625
   2600   4627
   2650   4629
   2700   4632
   2750   4634
   2800   4637
   2850   4641
   2900   4646
   2950   4650
   3000   4654
   3050   4658
   3100   4662
   3150   4666
   3200   4670
   3250   4674
   3300   4678
   3350   4682
   3400   4686
   3450   4691
   3500   4695
   3550   4699
   3600   4703
   3650   4707
   3700   4712
   3750   4721
   3800   4729
   3850   4738
   3900   4747
   3950   4755
   4000   4763
   4050   4772
   4100   4780
   4150   4788
   4200   4791
   4250   4793
   4300   4796
   4350   4798
   4400   4800
   4450   4802
   4500   4805
   4550   4807
   4600   4809
   4650   4811
   4700   4814
   4750   4817
   4800   4820
   4850   4823
   4900   4826
   4950   4828
   5000   4831
   5050   4834
   5100   4842
   5150   4851
   5200   4860
   5250   4869
   5300   4878
   5350   4887
   5400   4896
   5450   4905
   5500   4914
   5550   4929
   5600   4946
   5650   4963
   5700   4980
   5750   4997
   5800   5015
   5850   5032
   5900   5050
   5950   5068
   6000   5078
   6050   5083
   6100   5088
   6150   5094
   6200   5099
   6250   5104
   6300   5109
   6350   5114
   6400   5120
   6450   5127
   6500   5135
   6550   5143
   6600   5152
   6650   5160
   6700   5168
   6750   5176
   6800   5184
   6850   5192
   6900   5201
   6950   5211
   7000   5221
   7050   5231
   7100   5241
   7150   5251
   7200   5261
   7250   5271
   7300   5281
   7350   5289
   7400   5291
   7450   5294
   7500   5297
   7550   5300
   7600   5302
   7650   5305
   7700   5308
   7750   5311
   7800   5314
   7850   5318
   7900   5322
   7950   5326
   8000   5331
   8050   5335
   8100   5340
   8150   5344
   8200   5349
   8250   5353
   8300   5356
   8350   5358
   8400   5361
   8450   5364
   8500   5367
   8550   5369
   8600   5372
   8650   5374
   8700   5378
   8750   5389
   8800   5400
   8850   5411
   8900   5422
   8950   5434
   9000   5445
   9050   5457
   9100   5469
   9150   5480
   9200   5481
   9250   5482
   9300   5483
   9350   5485
   9400   5487
   9450   5488
   9500   5490
   9550   5492
   9600   5493
   9650   5491
   9700   5489
   9750   5486
   9800   5483
   9850   5481
   9900   5478
   9950   5475
  10000   5472
  10050   5470
  10100   5467
  10150   5464
  10200   5461
  10250   5457
  10300   5454
  10350   5450
  10400   5446
  10450   5442
  10500   5438
  10550   5435
  10600   5432
  10650   5429
  10700   5425
  10750   5422
  10800   5419
  10850   5415
  10900   5411
  10950   5408
  11000   5400
  11050   5391
  11100   5381
  11150   5372
  11200   5362
  11250   5352
  11300   5343
  11350   5333
  11400   5323
  11450   5319
  11500   5320
  11550   5321
  11600   5322
  11650   5322
  11700   5323
  11750   5323
  11800   5324
  11850   5324
  11900   5328
  11950   5335
  12000   5343
  12050   5350
  12100   5357
  12150   5364
  12200   5371
  12250   5377
  12300   5384
  12350   5382
  12400   5369
  12450   5357
  12500   5344
  12550   5332
  12600   5319
  12650   5307
  12700   5295
  12750   5282
  12800   5271
  12850   5262
  12900   5253
  12950   5244
  13000   5235
  13050   5226
  13100   5217
  13150   5208
  13200   5200
  13250   5192
  13300   5186
  13350   5181
  13400   5175
  13450   5169
  13500   5163
  13550   5158
  13600   5152
  13650   5146
  13700   5141
  13750   5137
  13800   5134
  13850   5131
  13900   5127
  13950   5124
  14000   5121
  14050   5118
  14100   5114
  14150   5110
  14200   5097
  14250   5084
  14300   5071
  14350   5058
  14400   5045
  14450   5032
  14500   5019
  14550   5006
  14600   4993
  14650   4984
  14700   4975
  14750   4966
  14800   4957
  14850   4948
  14900   4939
  14950   4930
  15000   4921
  15050   4911
  15100   4905
  15150   4898
  15200   4891
  15250   4884
  15300   4878
  15350   4871
  15400   4864
  15450   4858
  15500   4851
  15550   4843
  15600   4835
  15650   4828
  15700   4820
  15750   4812
  15800   4804
  15850   4796
  15900   4789
  15950   4781
  16000   4777
  16050   4774
  16100   4771
  16150   4767
  16200   4764
  16250   4761
  16300   4757
  16350   4754
  16400   4751
  16450   4749
  16500   4746
  16550   4744
  16600   4742
  16650   4739
  16700   4737
  16750   4735
  16800   4732
  16850   4730
  16900   4730
  16950   4730
  17000   4731
  17050   4731
  17100   4732
  17150   4733
  17200   4733
  17250   4734
  17300   4734
  17350   4731
  17400   4724
  17450   4717
  17500   4711
  17550   4704
  17600   4697
  17650   4690
  17700   4682
  17750   4675
  17800   4668
  17850   4661
  17900   4655
  17950   4648
  18000   4641
  18050   4635
  18100   4628
  18150   4622
  18200   4616
  18250   4611
  18300   4610
  18350   4609
  18400   4608
  18450   4607
  18500   4606
  18550   4604
  18600   4603
  18650   4601
  18700   4598
  18750   4591
  18800   4584
  18850   4577
  18900   4570
  18950   4563
  19000   4556
  19050   4549
  19100   4542
  19150   4535
  19200   4530
  19250   4525
  19300   4520
  19350   4515
  19400   4510
  19450   4505
  19500   4500
  19550   4495
  19600   4490
  19650   4484
  19700   4478
  19750   4472
  19800   4466
  19850   4459
  19900   4453
  19950   4447
  20000   4441
#
# interface number 3 (top of the mesh)
#
 2
      0   9600
  20000   9600
#
# for each layer, we give the number of spectral elements in the vertical direction
#
#
# layer number 1 (bottom layer)
#
 124
#
# layer number 2 (top layer)
#
 116
